PopID	ID	SVL	std.length	depth	SnoutLength	SountDepth	HeadLength
FLKB	FLKBP01	35.924	82.693	4.006	5.832	1.85	12.632
FLKB	FLKBP02	35.99	83.52	3.739	5.26	1.314	11.426
FLKB	FLKBP03	36.54	87.283	3.99	5.818	1.431	12.272
FLKB	FLKBP06	34.9016	78.381	3.255	5.201	1.483	11.406
FLKB	FLKBP07	39.079	91.035	4.369	5.105	1.329	11.843
FLKB	FLKBP08	31.337	73.724	3.085	4.797	1.445	10.23
FLKB	FLKBP09	30.479	72.525	3.367	4.984	1.457	10.454
FLKB	FLKBP10	34.946	80.912	3.699	5.577	1.58	12.12
FLKB	FLKBP11	33.879	79.319	3.676	5.716	1.495	11.911
FLKB	FLKBP12	35.093	81.107	3.435	4.946	1.574	11.235
FLKB	FLKBP13	32.567	74.32	3.051	4.971	1.425	10.612
FLKB	FLKBP14	36.275	81.341	3.753	5.005	1.57	12.007
FLKB	FLKBP15	31.259	71.193	2.932	4.381	1.381	10.175
FLKB	FLKBP16	42.183	105.657	5.208	6.443	2.102	15.037
FLKB	FLKBP17	31.268	70.364	2.641	4.962	1.571	10.777
FLKB	FLKBP18	32.812	74.734	3.271	5.405	1.395	11.069
FLKB	FLKBP19	41.022	100.706	4.747	6.412	2.101	13.609
FLKB	FLKBP20	32.147	74.596	3.356	5.227	1.477	10.612
FLKB	FLKBP22	35.158	80.52	3.738	5.466	1.67	11.71
FLKB	FLKBP23	41.235	95.339	4.138	5.382	1.937	12.532
FLKB	FLKBP24	32.672	74.887	2.906	5.332	1.209	10.93
FLPB	FLPBNP01	32.157	81.932	3.18	4.562	1.308	10.391
FLPB	FLPBP01	31.28	75.329	3.164	4.627	1.247	10.746
FLPB	FLPBP02	28.898	71.873	2.797	4.345	1.119	9.711
FLPB	FLPBP03	29.507	69.208	2.539	3.936	1.156	8.682
FLPB	FLPBP04	30.321	73.434	2.846	4.137	1.162	9.874
FLPB	FLPBP05	27.047	68.58	2.285	3.953	1.124	8.876
FLPB	FLPBP06	33.3	76.313	3.096	4.27	1.445	9.94
FLPB	FLPBP07	33.57	78.07	3.053	4.889	1.528	10.696
FLPB	FLPBP08	29.686	70.51	2.755	3.701	1.169	9.058
FLPB	FLPBP09	31.525	73.155	3.275	4.392	1.289	10.048
FLPB	FLPBP10	29.688	69.077	2.485	4.265	1.017	9.59
FLPB	FLPBP12	31.038	76.437	3.574	4.118	1.536	9.759
FLPB	FLPBP13	30.752	73.125	2.823	4.389	1.529	9.436
FLPB	FLPBP14	34.554	83.672	2.997	5.483	1.265	11.093
FLPB	FLPBP16	32.991	83.898	3.508	5.306	1.455	11.831
FLPB	FLPBP17	32.783	74.926	3.109	4.236	1.363	10.106
FLPB	FLPBP18	37.417	87.51	4.209	5.288	1.585	11.959
FLPB	FLPBP19	38.886	92.175	4.202	5.251	2.223	12.019
FLPB	FLPBP20	37.144	90.205	3.892	5.409	1.595	12.008
TXSP	TXSPP01	45.739	70.818	3.566	4.51	1.466	10.834
TXSP	TXSPP02	31.766	74.388	3.989	3.806	1.512	10.648
TXSP	TXSPP03	29.037	68.74	3.983	4.411	1.782	10.011
TXSP	TXSPP04	30.715	65.678	3.357	3.645	1.344	10.557
TXSP	TXSPP05	37.71	94.643	4.593	4.939	1.693	12.808
TXSP	TXSPP06	35.097	81.653	3.76	4.271	1.816	12.041
TXSP	TXSPP07	27.193	64.393	2.875	3.975	1.303	9.844
TXSP	TXSPP08	27.528	62.524	2.859	3.835	1.374	9.407
TXSP	TXSPP09	32.584	74.271	3.191	4.003	1.358	10.178
TXSP	TXSPP10	34.98	83.866	3.709	4.8	1.842	10.798
TXSP	TXSPP11	33.129	79.138	4.01	3.885	1.515	9.971
TXSP	TXSPP12	26.53	63.695	3.122	3.66	1.321	9.003
TXSP	TXSPP13	32.293	76.088	3.795	3.94	1.078	9.945
TXSP	TXSPP14	26.214	64.749	2.549	3.319	1.239	8.222
TXSP	TXSPP16	28.976	67.35	2.951	4.17	1.236	10.408
TXSP	TXSPP17	28.451	67.697	3.08	3.57	1.097	8.761
TXSP	TXSPP18	31.553	74.673	3.76	4.066	1.653	10.209
TXSP	TXSPP19	33.363	80.281	3.559	4.663	1.555	11.911
TXSP	TXSPP20	33.585	76.364	3.902	4.218	1.545	10.116
TXSP	TXSPP21	33.457	79.146	3.706	4.169	1.359	10.693
TXSP	TXSPP22	30.07	72.778	3.388	3.927	1.194	9.771
TXSP	TXSPP23	37.224	88.722	4.31	4.791	2.223	11.662
TXSP	TXSPP24	29.478	68.172	3.404	3.889	1.269	9.749
TXSP	TXSPP25	39.205	97.995	4.487	4.969	1.812	12.36
TXSP	TXSPP27	26.876	60.519	2.644	3.783	1.27	9.198
TXSP	TXSPP28	41.25	94.048	4.252	4.998	1.66	11.784
TXSP	TXSPP29	37.119	88.063	3.933	4.971	1.909	12.087
TXSP	TXSPP30	33.693	77.802	3.67	4.403	1.432	9.935
TXSP	TXSPP32	26.414	66.034	3.164	3.273	1.114	8.329
TXSP	TXSPP33	33.883	76.939	3.108	4.585	1.472	10.449
TXSP	TXSPP34	34.545	78.4	3.858	4.265	1.595	10.789
TXSP	TXSPP35	35.826	82.566	3.871	5.115	1.897	12.386
TXSP	TXSPP36	34.891	80.246	3.953	4.602	1.569	11.344
TXSP	TXSPP37	33.157	73.18	3.492	4.062	1.791	10.017
TXSP	TXSPP38	35.036	79.764	3.877	4.63	1.465	11.936
TXSP	TXSPP39	29.165	66.842	2.759	4.115	1.326	9.406
TXSP	TXSPP40	30.467	70.28	2.724	4.479	1.525	10.351
TXSP	TXSPP41	37.901	85.434	4.6	4.783	1.605	11.787
TXSP	TXSPP42	32.446	74.173	2.749	4.617	1.417	10.869
ALST	ALSTP01	28.555	65.294	3.57	4.263	1.261	9.07
ALST	ALSTP02	31.999	67.961	3.088	4.626	1.568	10.266
ALST	ALSTP03	28.456	68.444	2.767	4.28	1.27	9.54
ALST	ALSTP04	30.602	69.291	2.543	4.345	1.262	9.45
ALST	ALSTP05	33.122	75.338	3.183	4.366	1.274	9.751
ALST	ALSTP06	30.833	71.37	2.923	4.93	1.229	10.578
ALST	ALSTP07	27.635	62.836	2.477	4.226	1.371	8.965
ALST	ALSTP08	28.451	72.677	2.624	3.986	1.233	9.003
ALST	ALSTP09	32.245	73.728	2.811	4.381	1.442	9.749
ALST	ALSTP10	26.638	60.646	2.724	4.635	1.307	9.869
ALST	ALSTP11	41.644	93.197	3.848	8.084	2.082	17.199
ALST	ALSTP12	29.647	71.128	2.57	5.055	1.237	10.503
ALST	ALSTP13	27.014	61.098	2.996	4.212	1.279	8.888
ALST	ALSTP14	34.449	78.189	3.545	5.312	1.463	11.243
ALST	ALSTP15	34.371	77.925	3.461	5.519	1.609	11.735
ALST	ALSTP16	27.344	63.609	2.614	4.398	1.435	9.101
ALST	ALSTP17	30.041	80.794	3.813	4.265	1.385	10.105
ALST	ALSTP18	30.626	71.566	2.879	4.162	1.364	9.589
ALST	ALSTP19	32.801	72.997	3.226	4.752	1.456	10.273
ALST	ALSTP20	33.666	76.943	3.177	4.759	1.408	10.304
ALST	ALSTP21	32.368	73.108	2.95	4.727	1.716	10.412
ALST	ALSTP22	39.648	85.527	3.746	5.502	1.64	11.662
ALST	ALSTP23	28.856	64.421	2.467	4.305	1.442	9.141
ALST	ALSTP24	27.803	66.065	2.775	4.357	1.19	9.916
FLAB	FLABNP10	50.686	117.089	6.907	6.098	2.498	15.432
FLAB	FLABNP12	44.645	106.354	6.308	6.198	2.372	14.496
FLAB	FLABNP13	45.941	105.385	5.973	5.382	2.022	14.038
FLAB	FLABNP14	48.582	119.674	6.634	5.777	2.276	15.062
FLAB	FLABNP15	46.206	113.548	5.85	5.666	2.554	13.012
FLAB	FLABNP16	48.511	111.996	6.289	6.251	2.265	14.538
FLAB	FLABNP17	51.672	123.772	6.386	6.974	1.776	15.911
FLAB	FLABNP18	51.352	114.363	6.209	6.57	1.823	15.658
FLAB	FLABNP01	47.817	107.738	5.699	6.176	2.049	14.803
FLAB	FLABNP21	43.878	99.695	5.586	5.99	2.083	13.838
FLAB	FLABNP02	40.222	92.428	5.608	5.534	1.976	13.16
FLAB	FLABNP03	46.265	106.005	5.965	5.145	1.975	13.182
FLAB	FLABNP04	42.623	102.124	5.896	5.565	1.931	13.106
FLAB	FLABNP05	39.486	94.246	5.572	4.804	1.845	12.037
FLAB	FLABNP06	50.225	120.027	7.019	6.915	2.109	17.696
FLAB	FLABNP07	40.553	98.327	5.621	5.821	1.826	12.783
FLAB	FLABNP08	43.399	99.837	5.378	5.87	1.714	13.011
FLAB	FLABNP09	39.692	95.292	4.92	5.285	1.633	13.818
FLAB	FLABP01	41.737	99.431	5.183	5.392	1.351	12.712
FLAB	FLABP02	49.394	115.161	6.302	6.315	2.361	15.054
FLAB	FLABP03	44.387	105.208	5.654	5.953	2.033	14.047
FLAB	FLABP04	44.794	105.621	6.313	6.121	2.219	14.415
FLAB	FLABP06	41.323	95.823	5.758	6.385	2.072	13.717
FLCC	FLCCNP11	33.314	80.247	2.989	4.597	1.682	10.562
FLCC	FLCCNP12	27.973	64.639	2.231	3.886	1.445	9.423
FLCC	FLCCNP13	30.438	69.521	2.754	5.03	1.559	10.956
FLCC	FLCCNP14	29.298	59.824	1.987	5.162	1.093	9.766
FLCC	FLCCNP01	37.543	86.64	3.783	5.521	1.626	12.735
FLCC	FLCCNP02	30.883	68.246	1.996	5.258	1.247	10.975
FLCC	FLCCNP03	30.554	71.626	2.978	4.053	1.525	9.906
FLCC	FLCCNP04	31.007	71.284	2.883	4.809	1.226	10.498
FLCC	FLCCNP05	32.002	70.172	2.441	5.705	1.462	11.863
FLCC	FLCCNP06	30.853	72.004	2.361	4.727	1.285	10.486
FLCC	FLCCNP08	26.711	64.052	2.604	4.667	1.091	9.781
FLCC	FLCCNP09	33.241	74.38	2.59	5.568	1.286	11.208
FLCC	FLCCP01	30.039	66.182	2.831	4.098	1.474	9.836
FLCC	FLCCP02	35.367	82.472	3.402	4.68	1.617	11.514
FLCC	FLCCP03	29.41	65.43	2.432	4.788	1.42	10.23
FLCC	FLCCP04	30.223	65.91	3.303	4.803	1.401	10.371
FLCC	FLCCP05	40.821	89.061	3.719	6.388	1.665	13.173
FLCC	FLCCP06	31.411	71.984	2.928	5.161	1.682	10.857
FLCC	FLCCP07	36.257	82.595	3.353	5.852	1.856	12.585
FLFD	FLFDP11	48.285	113.066	5.581	7.227	2.507	16.046
FLFD	FLFDP12	44.063	105.157	5.38	6.867	2.167	14.447
FLFD	FLFDP13	48.963	107.356	6.562	6.928	2.076	14.935
FLFD	FLFDP15	47.175	113.58	6.655	6.476	1.953	14.672
FLFD	FLFDP16	52.429	121.493	5.972	8.015	2.115	15.662
FLFD	FLFDP17	44.752	105.406	4.875	7.226	2.352	14.899
FLFD	FLFDP18	39.483	92.981	4.102	6.452	2.343	13.27
FLFD	FLFDP19	37.842	90.695	3.919	5.995	1.867	12.747
FLFD	FLFDP01	50.048	114.607	5.438	7.625	2.108	15.709
FLFD	FLFDP20	52.593	117.397	6.633	7.186	2.082	15.71
FLFD	FLFDP21	36.055	85.421	4.937	5.17	1.596	11.312
FLFD	FLFDP22	52.202	112.71	6.536	7.88	2.498	16.733
FLFD	FLFDP23	47.129	106.618	5.624	7.306	2.046	15.389
FLFD	FLFDP24	44.526	105.949	5.06	6.603	2.23	14.082
FLFD	FLFDP02	49.999	117.839	5.869	6.073	2.194	14.941
FLFD	FLFDP03	46.969	107.743	5.846	6.828	2.074	15.183
FLFD	FLFDP04	42.508	97.154	5.526	6.374	2.08	13.712
FLFD	FLFDP05	47.202	107.374	6.476	6.93	2.283	15.574
FLFD	FLFDP06	48.3	109.742	6.331	6.805	2.416	15.406
FLFD	FLFDP07	43.413	100.876	5.511	6.495	1.842	14.123
FLFD	FLFDP08	47.993	110.216	6.258	6.579	2.101	14.499
FLFD	FLFDP09	52.604	118.966	6.402	7.229	2.147	15.781
FLHB	FLHBNP01	26.249	60.862	2.393	4.075	1.166	8.951
FLHB	FLHBNP02	29.076	69.308	2.952	4.234	1.395	9.365
FLHB	FLHBP10	27.254	63.657	2.341	4.105	1.174	8.98
FLHB	FLHBP11	33.006	77.896	3.365	4.347	1.396	9.927
FLHB	FLHBP13	32.907	75.135	3.093	4.863	1.383	10.502
FLHB	FLHBP14	32.452	73.091	3.412	4.829	1.335	10.229
FLHB	FLHBP15	28.066	61.666	2.748	4.564	1.253	9.521
FLHB	FLHBP01	31.421	69.469	3.089	4.607	1.504	9.969
FLHB	FLHBP02	28.845	67.539	2.512	4.225	1.098	9.313
FLHB	FLHBP03	31.267	73.604	3.004	4.43	1.118	10.793
FLHB	FLHBP06	37.978	86.934	3.735	5.577	1.723	12.088
FLHB	FLHBP07	28.751	69.607	3.193	4.283	1.468	9.781
FLHB	FLHBP09	34.434	83.893	3.158	4.887	1.89	11.091
FLSG	FLSGDB01	36.749	81.23	3.192	6.388	1.576	12.923
FLSG	FLSGDB02	34.721	82.29	2.986	5.341	1.633	11.476
FLSG	FLSGDB03	37.423	82.514	3.41	6.618	1.598	12.963
FLSG	FLSGP10	37.591	91.488	3.954	6.281	1.453	13.467
FLSG	FLSGP11	31.247	72.928	2.396	5.179	1.445	11.232
FLSG	FLSGP13	30.072	69.86	2.836	4.76	1.371	10.468
FLSG	FLSGP14	31.883	70.501	2.454	5.092	1.309	11.177
FLSG	FLSGP15	34.19	78.46	3.055	5.504	1.332	12.035
FLSG	FLSGP16	33.881	78.591	2.911	4.991	1.387	10.958
FLSG	FLSGP17	33.199	81.483	3.239	5.592	1.738	12.419
FLSG	FLSGP18	32.062	75.633	2.748	5.046	1.302	11.4
FLSG	FLSGP19	36.845	81.185	3.077	4.641	1.231	10.313
FLSG	FLSGP01	36.579	83.067	3.892	6.394	1.883	14.027
FLSG	FLSGP20	30.55	71.033	2.665	4.602	1.583	10.082
FLSG	FLSGP23	43.345	100.137	4.683	6.753	1.897	14.926
FLSG	FLSGP24	31.09	75.697	3.373	4.709	1.609	10.846
FLSG	FLSGP02	30.061	71.229	2.826	4.559	1.304	10.334
FLSG	FLSGP04	28.841	68.335	2.5	4.773	1.273	10.207
FLSG	FLSGP05	40.077	90.113	3.888	6.777	1.824	14.657
FLSG	FLSGP06	31.907	74.696	2.76	4.856	1.366	11.002
FLSG	FLSGP07	37.907	87.658	3.314	6.028	1.603	13.172
FLSG	FLSGP08	33.259	77.727	2.648	5.785	1.712	12.032
FLSG	FLSGP09	29.67	70.361	2.649	4.681	1.322	10.553
FLSI	FLSIP10	29.574	74.109	2.88	4.297	1.328	9.805
FLSI	FLSIP11	33.274	80.035	3.84	6.029	1.466	11.159
FLSI	FLSIP12	35.276	89.314	4.071	4.329	1.381	11.018
FLSI	FLSIP13	37.126	89.064	4.129	6.446	1.604	12.369
FLSI	FLSIP14	38.835	88.692	4.112	5.807	1.747	12.252
FLSI	FLSIP15	34.365	79.838	3.432	4.68	1.463	10.949
FLSI	FLSIP16	34.386	82.897	3.711	5.039	1.44	11.533
FLSI	FLSIP17	40.076	94.756	4.765	5.593	1.972	13.109
FLSI	FLSIP18	38.213	88.612	4.127	5.58	1.548	11.892
FLSI	FLSIP19	32.064	76.979	3.38	4.695	1.398	10.812
FLSI	FLSIP01	35.56	87.516	4.456	4.646	1.458	11.609
FLSI	FLSIP20	37.178	82.757	3.502	4.672	1.33	11.076
FLSI	FLSIP21	37.497	88.948	4.154	5.754	1.796	12.458
FLSI	FLSIP22	36.514	88.81	3.752	5.586	1.425	12.246
FLSI	FLSIP23	30.06	74.763	3.438	4.411	1.39	10.17
FLSI	FLSIP24	35.631	85.008	3.939	5.439	1.405	12.077
FLSI	FLSIP02	34.711	84.999	3.867	5.39	1.568	12.378
FLSI	FLSIP03	34.446	86.742	3.883	4.821	1.626	9.929
FLSI	FLSIP04	40.492	94.817	4.791	5.47	1.801	12.325
FLSI	FLSIP05	38.491	91.611	4.137	4.968	1.599	12.272
FLSI	FLSIP06	36.241	87.419	3.899	4.819	1.646	11.37
FLSI	FLSIP07	32.128	74.996	3.239	3.9	1.445	9.976
FLSI	FLSIP09	34.05	79.653	3.764	4.952	1.701	10.782
TXCB	TXCBNP01	21.666	51.638	1.619	2.842	0.996	6.729
TXCB	TXCBP10	25.852	59.289	2.111	3.782	1.135	8.712
TXCB	TXCBP11	29.688	72.915	3.066	4.84	1.359	10.245
TXCB	TXCBP12	22.64	54.894	2.212	3.435	1.042	7.779
TXCB	TXCBP14	30.307	74.733	2.477	4.428	1.345	9.694
TXCB	TXCBP15	26.156	65.061	2.498	3.952	1.191	8.95
TXCB	TXCBP16	33.24	78.942	3.004	4.67	1.244	10.625
TXCB	TXCBP17	25.135	60.514	2.023	3.187	1.239	7.727
TXCB	TXCBP18	30.501	75.654	2.804	4.57	1.258	10.015
TXCB	TXCBP19	27.986	66.141	2.393	3.852	1.328	8.823
TXCB	TXCBP01	34.284	86.312	3.904	5.468	1.613	11.545
TXCB	TXCBP20	29.918	71.453	2.607	4.768	1.254	10.463
TXCB	TXCBP21	28.535	65.555	2.27	4.332	1.298	9.459
TXCB	TXCBP22	27.832	66.828	2.375	4.038	1.26	9.069
TXCB	TXCBP23	27.901	67.034	2.502	4.112	1.287	9.347
TXCB	TXCBP24	24.027	54.471	1.946	3.366	0.983	7.816
TXCB	TXCBP02	36.303	85.415	2.855	5.751	1.503	12.124
TXCB	TXCBP03	25.04	60.225	2.519	3.652	1.177	8.282
TXCB	TXCBP04	23.659	54.475	2.029	3.356	1.099	7.941
TXCB	TXCBP06	38.407	96.106	3.801	5.678	1.844	12.379
TXCB	TXCBP08	22.735	55.853	1.902	3.346	1.021	7.53
TXCB	TXCBP09	23.074	54.464	1.943	3.264	1.033	7.542
TXCC	TXCCNP01	22.056	52.112	1.961	3.183	0.913	7.604
TXCC	TXCCNP02	18.044	52.959	1.805	3.319	0.888	7.234
TXCC	TXCCP10	29.954	71.05	2.866	4.206	1.386	9.771
TXCC	TXCCP11	28.023	66.023	2.427	4.344	1.248	9.481
TXCC	TXCCP12	24.776	58.306	2.226	3.398	1.198	7.652
TXCC	TXCCP13	25.006	57.92	1.879	3.433	1.093	7.845
TXCC	TXCCP14	29.311	64.831	2.124	4.037	1.181	9.217
TXCC	TXCCP15	30.684	70.488	2.962	3.999	1.261	9.881
TXCC	TXCCP16	28.617	63.953	2.3	4.243	1.012	9.315
TXCC	TXCCP01	26.412	61.629	2.604	3.695	1.3	8.336
TXCC	TXCCP02	27.314	62.63	2.101	3.784	1.09	8.844
TXCC	TXCCP03	26.061	60.121	1.944	3.852	1.106	8.344
TXCC	TXCCP04	29.154	70.594	2.45	3.619	0.908	9.117
TXCC	TXCCP05	25.262	60.708	1.926	3.673	1.012	8.316
TXCC	TXCCP06	27.513	65.526	2.279	4.334	1.016	9.243
TXCC	TXCCP08	25.827	62.47	2.457	3.603	1.104	8.537
TXCC	TXCCP09	28.56	66.746	2.509	3.959	1.058	9.25
